ID=20251203-093027 kx=[N/A] kv=[N/A] 0.12581804405871688 76.49962639808655 49.877699766509025 1 90.43907404466249
ID=20251203-093918 kx=[N/A] kv=[N/A] 0.060423028095187244 76.84994530677795 32.267811571940854 1 73.90815699478121
